2 10001 200.00 11/10/2014
1 10002 300.50 10/23/2014
2 10003 400.89 09/15/2014
3 10004 289.00 08/15/2014 0.03 08/15/2015
1 10005 300.59 10/21/2014
1 10006 750.33 05/15/2014
2 10007 999.99 06/25/2014
3 10008 233.99 01/06/2014 0.05 01/06/2015
2 10009 333.33 05/09/2014
1 10010 555.55 06/23/2014
2 10011 668.00 08/04/2014
1 10012 233.78 06/27/2014
3 10013 356.69 08/13/2014 0.05 10/11/2014
2 10014 666.66 05/12/2014
1 10015 500.00 06/19/2014
2 10016 222.21 02/19/2014
3 10017 369.25 12/13/2013 0.06 10/12/2014
2 10018 524.33 11/22/2014
1 10019 663.87 07/25/2014
2 10020 698.23 01/03/2013